q1 N 1745 annual [ 0.57442256  0.7564655   0.95        0.96516034  0.9        35.05221874
 20.08723137] powerMW 35.052218736298045 unit 0.5579786490973901
1 0.54666522 0.71993576 0.95000000 0.96516034 0.90000000 29.88316443 17.12502260
2 0.56224653 0.74044035 0.95000000 0.96516034 0.90000000 33.29643297 19.08105041
3 0.57797518 0.76114002 0.95000000 0.96516034 0.90000000 36.11396237 20.69568044
4 0.59180384 0.77933997 0.95000000 0.96516034 0.90000000 38.25794890 21.92432602
5 0.59938435 0.78931698 0.95000000 0.96516034 0.90000000 39.33972950 22.54425760
6 0.60169551 0.79235882 0.95000000 0.96516034 0.90000000 39.65904387 22.72724577
7 0.59930448 0.78921185 0.95000000 0.96516034 0.90000000 39.32861267 22.53788691
8 0.59126968 0.77863695 0.95000000 0.96516034 0.90000000 38.17951864 21.87938031
9 0.57717885 0.76009198 0.95000000 0.96516034 0.90000000 35.98233108 20.62024704
10 0.56026710 0.73783541 0.95000000 0.96516034 0.90000000 32.90344485 18.85584232
11 0.54534284 0.71819561 0.95000000 0.96516034 0.90000000 29.55401134 16.93639618
12 0.53993718 0.71108228 0.95000000 0.96516034 0.90000000 28.12842422 16.11944081
q2 N 1589 annual [ 0.60866706  0.80185421  0.95        0.96503393  0.9        60.00566443
 37.76316201] powerMW 60.00566442703923 unit 0.5900494063388848
1 0.60191780 0.79310521 0.95000000 0.96503393 0.90000000 53.29296061 33.53867880
2 0.60786270 0.80086781 0.95000000 0.96503393 0.90000000 58.29622951 36.68736911
3 0.61222235 0.80653341 0.95000000 0.96503393 0.90000000 61.94347292 38.98267647
4 0.61355369 0.80820616 0.95000000 0.96503393 0.90000000 64.22241708 40.41687670
5 0.61211497 0.80625501 0.95000000 0.96503393 0.90000000 65.04789154 40.93636975
6 0.61101545 0.80478602 0.95000000 0.96503393 0.90000000 65.20587301 41.03579170
7 0.61214529 0.80629563 0.95000000 0.96503393 0.90000000 65.04142561 40.93230057
8 0.61357480 0.80823749 0.95000000 0.96503393 0.90000000 64.15103030 40.37195110
9 0.61205723 0.80632009 0.95000000 0.96503393 0.90000000 61.78645028 38.88385795
10 0.60718119 0.79997913 0.95000000 0.96503393 0.90000000 57.74777500 36.34221208
11 0.60135907 0.79237476 0.95000000 0.96503393 0.90000000 52.78554884 33.21935107
12 0.59900015 0.78928979 0.95000000 0.96503393 0.90000000 50.54689842 31.81050876
q3 N 1589 annual [ 0.60866706  0.80185421  0.95        0.96503393  0.9        60.00566443
 37.76316201] powerMW 60.00566442703923 unit 0.5900494063388848
1 0.60191780 0.79310521 0.95000000 0.96503393 0.90000000 53.29296061 33.53867880
2 0.60786270 0.80086781 0.95000000 0.96503393 0.90000000 58.29622951 36.68736911
3 0.61222235 0.80653341 0.95000000 0.96503393 0.90000000 61.94347292 38.98267647
4 0.61355369 0.80820616 0.95000000 0.96503393 0.90000000 64.22241708 40.41687670
5 0.61211497 0.80625501 0.95000000 0.96503393 0.90000000 65.04789154 40.93636975
6 0.61101545 0.80478602 0.95000000 0.96503393 0.90000000 65.20587301 41.03579170
7 0.61214529 0.80629563 0.95000000 0.96503393 0.90000000 65.04142561 40.93230057
8 0.61357480 0.80823749 0.95000000 0.96503393 0.90000000 64.15103030 40.37195110
9 0.61205723 0.80632009 0.95000000 0.96503393 0.90000000 61.78645028 38.88385795
10 0.60718119 0.79997913 0.95000000 0.96503393 0.90000000 57.74777500 36.34221208
11 0.60135907 0.79237476 0.95000000 0.96503393 0.90000000 52.78554884 33.21935107
12 0.59900015 0.78928979 0.95000000 0.96503393 0.90000000 50.54689842 31.81050876

